utils/test.json
{"header": { "discipline":0, "disciplineName":"Meteorological products", "gribEdition":2, "gribLength":74601, "center":7, "centerName":"US National Weather Service - NCEP(WMC)", "subcenter":0, "refTime":"2023-02-17T00:00:00.000Z", "significanceOfRT":1, "significanceOfRTName":"Start of forecast", "productStatus":0, "productStatusName":"Operational products", "productType":1, "productTypeName":"Forecast products", "productDefinitionTemplate":0, "productDefinitionTemplateName":"Analysis/forecast at horizontal level/layer at a point in time", "parameterCategory":2, "parameterCategoryName":"Momentum", "parameterNumber":2, "parameterNumberName":"U-component_of_wind", "parameterUnit":"m.s-1", "genProcessType":2, "genProcessTypeName":"Forecast", "forecastTime":0, "surface1Type":100, "surface1TypeName":"Isobaric surface", "surface1Value":5000.0, "surface2Type":255, "surface2TypeName":"Missing", "surface2Value":0.0, "gridDefinitionTemplate":0, "gridDefinitionTemplateName":"Latitude_Longitude", "numberPoints":65160, "shape":6, "shapeName":"Earth spherical with radius of 6,371,229.0 m", "gridUnits":"degrees", "resolution":48, "winds":"true", "scanMode":0, "nx":360, "ny":181, "basicAngle":0, "lo1":0.0, "la1":90.0, "lo2":359.0, "la2":-90.0, "dx":1.0, "dy":1.0 }, "data":
[rows 130 to 155 of 181, columns 180 to 239 of 360]
0.21992187,0.6699219,-0.33007812,-1.6000781,-1.8700781,-3.840078,-4.1700783,-3.7900782,-4.520078,-3.2600782,-4.770078,-4.0900784,-3.2800782,-3.3200781,-3.410078,-4.740078,-4.6700783,-4.3800783,-4.320078,-4.060078,-4.570078,-5.1100783,-4.830078,-4.8400784,-4.740078,-3.8300781,-4.500078,-4.560078,-4.540078,-3.5100782,-3.420078,-3.130078,-2.630078,-2.110078,-2.130078,-2.0700781,-0.94007814,0.08992188,-0.050078124,-0.6400781,0.86992186,1.9999219,2.139922,1.0599219,0.6699219,-0.56007814,-0.99007815,-1.7800782,-2.5300782,-0.09007812,1.7299218,2.049922,1.5399219,2.5399218,2.629922,2.809922,2.1999218,1.6699219,1.3799219,1.1399219
0.34992188,-0.27007812,-1.2100781,-1.7000781,-3.5200782,-3.380078,-4.1900783,-3.9800782,-4.620078,-4.580078,-2.9900782,-4.050078,-3.8200781,-3.360078,-3.130078,-3.190078,-3.7800782,-4.080078,-3.3200781,-3.380078,-3.2500782,-3.440078,-3.0300782,-3.3200781,-3.0800781,-3.420078,-3.3100781,-3.9600782,-3.390078,-3.410078,-2.410078,-1.8000782,-1.1100781,-0.7000781,-0.49007812,-0.20007813,-0.27007812,-0.22007813,0.87992185,2.0199218,3.5399218,4.529922,3.609922,2.559922,3.119922,1.6999218,1.0199219,1.3099219,0.7899219,-7.8125E-5,1.2399219,2.909922,3.849922,3.139922,2.899922,2.819922,3.639922,2.4899218,2.2899218,2.349922
-0.4700781,0.39992186,-1.0100781,-0.75007814,-1.3300781,-3.380078,-3.930078,-2.9700782,-1.9800781,-3.590078,-2.5100782,-2.4900782,-3.670078,-3.7300782,-3.3100781,-2.950078,-2.850078,-3.130078,-2.870078,-2.4900782,-0.9500781,-1.3000782,-1.1900781,-0.7000781,-1.3500781,-1.7300781,-1.9800781,-2.100078,-1.9900781,-1.3400781,-1.4000782,-0.3100781,0.8299219,0.23992187,1.1899219,0.99992186,2.099922,1.0799218,1.7199218,2.909922,3.7799218,5.029922,4.319922,3.809922,4.799922,3.2099218,2.409922,1.5599219,1.1999218,1.3999219,2.1899219,2.9899218,4.339922,4.709922,3.9799218,2.4499218,3.9599218,3.829922,3.2099218,2.6999218
-0.55007815,-1.2900782,-0.5400781,-1.4200782,-1.8800781,-1.3300781,-2.140078,-3.430078,-2.8200781,-2.590078,-2.400078,-2.8300781,-2.5400782,-2.5300782,-2.0600781,-0.7100781,-1.2400781,-0.88007814,-0.55007815,-0.76007813,-0.19007812,0.15992187,0.32992187,-0.110078126,-0.21007812,-0.09007812,-0.37007812,0.059921876,0.13992187,0.12992187,-0.16007812,1.0799218,1.9899219,2.1899219,3.609922,2.0299218,2.7199218,2.2299218,2.379922,3.1999218,3.889922,3.9799218,3.4899218,3.4499218,4.219922,3.7599218,3.569922,3.2799218,3.639922,3.369922,3.7199218,4.5399218,4.499922,5.479922,5.519922,4.709922,4.209922,3.9199219,4.239922,4.959922
1.0199219,0.13992187,-0.8600781,-0.55007815,-0.9000781,-0.44007814,-0.2800781,-1.3700781,-1.8700781,-2.0400782,-0.82007813,-0.34007812,-1.5300782,-0.6400781,-0.16007812,-0.82007813,-0.99007815,0.5399219,0.8599219,1.1499219,0.69992185,1.1299219,1.8099219,1.5999218,1.3799219,0.75992185,1.1699219,1.7199218,0.8999219,1.4999219,0.7199219,1.1999218,2.829922,2.579922,3.649922,4.3099217,4.149922,4.839922,4.399922,3.839922,3.9199219,3.879922,5.0999217,5.0999217,5.549922,5.439922,4.439922,3.809922,4.6599216,4.359922,4.589922,5.269922,4.879922,5.859922,5.949922,5.9099216,5.399922,5.269922,4.699922,5.1599216
0.5499219,0.74992186,0.25992188,-0.38007814,-1.0100781,-1.4300781,-1.4300781,0.40992188,-0.19007812,-0.9200781,-1.6600782,-1.2500781,-0.5900781,-0.42007813,-0.37007812,-0.27007812,0.32992187,1.5299219,1.6799219,2.379922,2.589922,2.649922,2.5199218,2.599922,1.9699218,1.2399219,1.9399219,1.9899219,2.379922,2.819922,3.5099218,2.599922,2.2299218,2.7899218,3.319922,4.359922,4.669922,5.269922,5.979922,4.549922,4.299922,5.069922,5.519922,6.0999217,6.299922,6.359922,6.439922,4.3299217,4.569922,4.419922,4.8099217,5.199922,5.379922,6.449922,6.259922,5.739922,6.1399217,7.489922,6.489922,6.229922
1.5699219,2.7499218,2.1899219,2.4399219,2.309922,2.5299218,1.3499218,0.28992188,1.9399219,2.399922,1.8299218,2.0299218,2.4999218,3.109922,2.9199219,2.9899218,3.319922,4.3099217,3.129922,3.1899219,3.639922,4.679922,3.9799218,2.9999218,2.2599218,2.859922,3.089922,2.4199219,3.129922,3.6699219,3.409922,2.6699219,3.859922,3.4299219,3.4999218,3.9499218,4.779922,5.749922,6.769922,5.729922,6.209922,6.379922,6.3899217,6.959922,7.189922,7.709922,7.529922,6.199922,4.939922,5.569922,5.499922,4.499922,5.419922,7.0599217,7.439922,6.979922,6.239922,7.5799217,7.8099217,8.459922
2.639922,3.4699218,4.2899218,3.9699218,2.869922,3.6699219,4.229922,3.7299218,2.5099218,2.819922,4.239922,4.8099217,4.3499217,3.649922,4.739922,4.489922,3.839922,3.2199218,3.059922,2.5299218,2.869922,2.399922,3.2099218,3.2699218,3.329922,2.839922,2.9899218,3.9299219,4.749922,4.5399218,3.9799218,3.619922,4.3099217,4.879922,5.3699217,5.709922,6.959922,7.0999217,7.0399218,7.5799217,7.499922,7.249922,7.979922,8.099922,7.499922,8.279922,8.309922,6.7899218,7.1199217,7.669922,6.1599216,5.759922,6.069922,6.419922,7.229922,7.769922,7.769922,8.209922,8.239922,8.769922
2.569922,2.4199219,2.9299219,2.629922,3.299922,2.629922,2.9699218,3.629922,3.4299219,3.7099218,3.149922,3.299922,3.5099218,3.7799218,3.6999218,2.149922,2.7699218,2.599922,2.139922,2.4799218,2.129922,3.2699218,3.349922,3.7399218,4.069922,4.669922,5.109922,4.759922,4.129922,4.109922,4.399922,4.8499217,5.5599217,5.669922,5.8499217,7.319922,8.199922,7.979922,7.5999217,7.879922,7.879922,8.289922,8.359921,8.229922,8.3199215,8.669922,7.959922,7.879922,7.859922,8.289922,7.439922,7.269922,7.1399217,6.6199217,7.199922,7.649922,9.409922,9.109921,9.259922,9.449922
2.9599218,2.4699218,2.4299219,3.099922,2.619922,1.2899219,1.5399219,1.8999219,2.139922,3.299922,2.649922,2.2099218,2.389922,2.6799219,3.049922,3.6999218,3.2899218,3.139922,2.6799219,1.5299219,2.9499218,3.6699219,3.659922,3.659922,3.339922,4.0799217,3.9799218,3.4599218,4.419922,5.739922,6.189922,5.339922,5.779922,6.319922,7.549922,8.959922,7.929922,7.9099216,8.459922,8.679922,8.169922,8.259922,8.119922,8.059922,8.509922,7.6199217,7.459922,7.8899217,9.199922,9.529922,8.719922,8.469922,8.079922,7.8299217,7.3499217,8.119922,8.259922,9.719922,10.739922,10.729922
2.1799219,2.649922,2.7499218,2.7099218,2.4699218,1.7499219,1.1399219,0.4699219,0.45992187,1.1999218,0.9199219,1.3099219,1.3599219,1.7299218,2.5099218,3.2199218,2.9499218,3.2499218,2.9599218,2.9199219,3.329922,3.369922,3.1999218,2.9299219,3.6799219,4.6399217,5.3299217,5.149922,5.6399217,5.679922,5.969922,6.519922,7.489922,8.919922,9.279922,8.149921,8.419922,9.029922,8.559922,8.109921,8.419922,8.529922,8.139922,7.8499217,7.779922,7.919922,8.949922,9.799922,10.409922,10.469922,10.979922,11.239922,10.879922,9.779922,8.829922,8.629922,8.729922,9.5699215,10.719922,11.289922
3.869922,3.7299218,3.639922,2.299922,1.3399218,1.3299218,2.2899218,2.339922,2.4499218,1.1799219,1.2599219,1.4399219,2.319922,2.9899218,2.2599218,1.9299219,2.0399218,2.379922,2.619922,2.6899219,3.339922,3.2399218,3.4599218,4.929922,5.259922,4.719922,5.109922,5.239922,6.029922,6.649922,7.109922,8.149921,8.609921,7.939922,7.459922,7.729922,8.029922,8.329922,7.839922,8.449922,9.469922,9.3199215,9.419922,9.009922,8.239922,7.779922,8.399921,9.699922,11.119922,11.769922,11.629922,11.189922,10.299922,9.839922,8.839922,8.829922,9.089922,9.3199215,9.989922,10.939922
3.659922,2.7899218,2.4299219,2.549922,2.7499218,1.9599218,1.9299219,1.8399218,2.0399218,1.8099219,2.4899218,2.799922,2.9799218,2.5399218,2.6999218,2.7199218,3.069922,3.639922,3.9699218,4.109922,4.519922,4.779922,5.129922,5.089922,4.899922,4.769922,5.0799217,5.919922,6.929922,8.079922,8.339922,7.719922,7.5799217,7.649922,7.759922,7.839922,8.019922,7.629922,7.689922,8.039922,8.499922,8.279922,8.159922,8.259922,8.389922,9.459922,11.109921,11.889922,13.339922,13.5699215,12.889922,12.159922,11.479922,10.909922,10.579922,10.509922,10.599922,11.029922,11.289922,11.999922
3.1999218,2.829922,3.299922,3.2099218,2.4999218,2.869922,3.4799218,3.109922,2.4799218,2.089922,2.549922,2.619922,3.109922,4.0599217,4.259922,4.739922,4.7899218,5.1199217,4.979922,5.009922,4.899922,5.1599216,5.419922,5.919922,6.6399217,6.8899217,6.669922,7.0399218,7.3499217,7.459922,7.5599217,7.149922,7.749922,8.649921,9.229922,8.489922,8.039922,8.239922,8.869922,8.209922,8.109921,7.609922,7.929922,8.389922,8.629922,9.029922,10.0699215,10.849922,11.969922,12.829922,13.219922,13.179922,12.929922,12.089922,11.5699215,11.339922,11.109921,11.239922,11.099922,10.529922
3.7899218,4.7899218,4.1199217,2.9499218,2.319922,1.5599219,0.8599219,1.4399219,2.4599218,2.4599218,3.549922,4.279922,4.8899217,4.609922,4.8699217,5.2899218,5.359922,5.899922,6.6599216,6.469922,6.399922,6.509922,7.019922,7.5799217,7.699922,7.979922,7.899922,7.739922,7.3499217,6.819922,7.219922,7.6399217,6.929922,7.019922,7.199922,6.979922,7.219922,7.529922,7.279922,6.719922,6.3499217,6.879922,7.1399217,8.509922,8.459922,8.549922,9.119922,10.219922,10.749922,11.199922,11.389922,11.109921,10.869922,10.849922,10.579922,10.469922,10.809922,10.979922,11.0699215,10.739922
3.4799218,4.269922,4.919922,5.0399218,5.319922,5.6599216,4.1399217,3.7399218,4.429922,5.359922,4.6399217,3.4599218,3.6699219,3.9699218,4.519922,4.5399218,5.189922,5.109922,5.8899217,6.609922,7.129922,6.989922,7.279922,7.469922,7.519922,7.489922,7.699922,6.859922,6.509922,6.459922,6.699922,6.609922,6.899922,7.0999217,7.3899217,7.109922,8.729922,9.809922,9.479922,8.979922,9.389922,9.709922,9.679922,10.129922,10.579922,10.349922,10.149921,10.449922,10.649921,10.699922,10.8199215,10.899921,10.889922,10.769922,11.089922,11.219922,11.409922,11.559922,12.259922,12.189922
5.999922,5.779922,4.699922,4.779922,5.5599217,6.019922,5.689922,5.609922,5.179922,4.8099217,4.3699217,4.3699217,4.509922,3.9299219,4.319922,5.519922,6.549922,7.3499217,7.589922,6.859922,6.839922,6.929922,6.8299217,6.3099217,5.669922,5.8899217,6.189922,6.929922,7.009922,7.189922,7.819922,7.5799217,8.239922,8.479922,8.8199215,8.8199215,9.049922,9.549922,10.189922,10.709922,10.489922,10.169922,9.699922,9.439922,9.599922,10.389922,10.289922,10.299922,9.789922,9.279922,9.079922,8.989922,9.219922,9.419922,10.139922,10.899921,11.229922,11.599922,11.709922,11.929922
6.3899217,6.929922,6.919922,6.379922,6.169922,6.239922,5.499922,4.879922,4.969922,5.069922,5.449922,5.5399218,4.919922,5.249922,5.569922,6.319922,6.819922,7.2899218,6.649922,7.109922,7.0999217,6.979922,6.439922,6.5399218,6.6399217,7.1599216,7.6399217,8.119922,8.539922,8.769922,9.359921,9.719922,10.699922,11.659922,12.899921,12.909922,12.179922,12.409922,12.359921,12.459922,12.309922,12.059922,11.579922,10.919922,10.749922,10.469922,10.379922,10.119922,9.489922,8.839922,8.509922,7.979922,7.739922,7.749922,8.389922,8.989922,10.099922,10.989922,11.099922,11.529922
6.819922,7.549922,7.259922,7.089922,7.169922,7.459922,7.1399217,6.919922,6.5999217,6.759922,6.839922,7.0799217,7.199922,7.459922,7.699922,8.179922,7.679922,7.699922,8.289922,8.719922,9.009922,9.149921,9.389922,9.659922,9.899921,10.629922,11.039922,10.999922,11.509922,11.859921,12.169922,11.619922,11.579922,10.559922,10.759922,11.289922,11.619922,11.909922,12.469922,11.869922,11.249922,11.049922,10.579922,10.389922,9.999922,10.129922,9.969922,9.929922,9.379922,9.109921,8.909922,9.159922,9.229922,9.109921,9.449922,9.989922,10.3199215,10.779922,10.859921,10.799922
6.949922,7.179922,7.529922,6.949922,6.709922,7.529922,7.699922,8.449922,8.029922,8.789922,9.0699215,9.369922,9.349922,9.449922,10.079922,10.509922,10.539922,10.609921,10.489922,10.529922,11.259922,10.949922,11.799922,11.889922,11.909922,12.189922,11.999922,11.859921,12.009922,11.659922,11.249922,11.249922,10.429922,10.439922,11.079922,11.229922,10.609921,10.129922,9.809922,9.619922,9.279922,9.249922,9.129922,9.5699215,9.359921,9.349922,9.629922,9.599922,9.419922,9.869922,9.729922,9.499922,9.969922,10.329922,10.229922,10.139922,10.549922,10.359921,10.129922,9.929922
6.229922,6.3299217,6.769922,7.019922,6.7899218,6.719922,6.5599217,7.179922,8.499922,9.659922,9.999922,10.459922,10.429922,10.329922,9.879922,9.929922,10.649921,11.209922,11.279922,11.379922,11.609921,11.979922,11.889922,12.029922,12.529922,12.169922,11.979922,11.779922,11.219922,10.769922,10.179922,10.509922,10.419922,10.219922,11.359921,11.249922,10.419922,9.869922,9.559922,9.449922,9.939922,10.689922,10.879922,10.159922,9.619922,9.359921,9.329922,9.369922,9.079922,9.259922,9.129922,9.079922,9.419922,9.499922,9.559922,9.809922,10.079922,10.239922,9.889922,9.329922
5.8299217,5.979922,6.319922,6.629922,6.459922,6.589922,6.989922,7.419922,8.009922,8.789922,8.829922,8.689922,8.779922,9.209922,9.739922,10.129922,10.249922,10.029922,10.419922,10.669922,11.059922,11.409922,11.329922,10.929922,10.739922,10.759922,10.679922,10.219922,10.249922,10.399921,10.419922,10.439922,10.749922,11.0699215,11.049922,9.549922,9.539922,9.789922,10.509922,11.239922,11.549922,11.129922,10.789922,10.549922,10.499922,10.719922,10.279922,9.839922,9.929922,10.159922,10.219922,10.079922,10.099922,9.539922,9.379922,9.239922,9.049922,8.689922,8.609921,8.419922
6.8699217,6.949922,6.939922,6.8699217,6.5799217,6.6399217,7.149922,7.419922,7.7899218,8.259922,8.809922,8.829922,9.139922,9.509922,9.339922,8.899921,9.099922,9.579922,10.249922,10.729922,10.639922,10.589922,10.719922,10.469922,10.809922,10.179922,9.599922,9.799922,9.939922,9.999922,10.229922,10.389922,10.439922,9.249922,8.609921,9.479922,9.599922,10.459922,10.629922,10.789922,10.989922,10.489922,10.509922,10.919922,10.769922,9.859921,10.089922,10.639922,10.729922,10.3199215,10.049922,9.539922,9.329922,9.029922,9.209922,8.799922,8.449922,8.339922,7.969922,7.449922
8.039922,8.119922,7.5599217,7.4099216,7.129922,7.219922,7.5399218,7.519922,8.039922,8.609921,8.669922,8.419922,7.969922,7.929922,8.489922,8.769922,9.459922,10.159922,10.259922,10.239922,10.329922,10.179922,9.759922,9.309922,9.829922,9.379922,9.189922,9.539922,9.799922,9.249922,8.689922,8.729922,8.219922,9.119922,9.419922,8.939922,10.109921,10.219922,10.289922,10.409922,10.109921,9.989922,10.239922,9.549922,8.739922,9.689922,10.839922,10.8199215,10.219922,9.049922,8.279922,8.0699215,7.8299217,7.149922,7.3499217,6.6199217,6.6599216,6.629922,6.589922,6.739922
7.799922,8.059922,8.099922,7.699922,7.689922,8.209922,8.339922,8.379922,8.059922,7.509922,7.569922,7.8699217,7.999922,8.489922,9.379922,9.689922,9.649921,9.899921,9.489922,9.489922,10.049922,10.029922,9.939922,9.299922,8.989922,9.229922,9.719922,9.249922,8.8199215,8.949922,9.109921,8.619922,8.419922,8.169922,8.689922,8.919922,8.809922,9.289922,9.3199215,9.109921,9.379922,8.759922,7.5599217,7.4099216,8.839922,9.029922,9.079922,8.639922,8.049922,7.899922,7.959922,7.069922,7.009922,7.129922,6.179922,5.8699217,5.609922,5.759922,6.179922,5.979922
7.149922,7.049922,7.219922,7.569922,8.149921,7.649922,7.769922,7.689922,7.489922,7.8299217,8.309922,8.519922,8.859921,9.279922,9.529922,9.699922,9.809922,9.049922,8.489922,8.389922,8.419922,8.719922,8.699922,9.119922,9.429922,9.589922,9.979922,10.299922,9.709922,8.8199215,8.539922,8.749922,7.819922,7.219922,6.459922,7.1199217,8.079922,8.579922,8.479922,8.209922,8.579922,8.359921,7.8099217,8.689922,8.039922,7.429922,7.0599217,6.959922,6.2899218,5.5999217,6.4099216,6.979922,7.109922,7.0999217,6.529922,5.769922,5.979922,5.859922,6.3499217,5.979922
