utils/test.json
{"header": { "discipline":0, "disciplineName":"Meteorological products", "gribEdition":2, "gribLength":73832, "center":7, "centerName":"US National Weather Service - NCEP(WMC)", "subcenter":0, "refTime":"2023-02-17T00:00:00.000Z", "significanceOfRT":1, "significanceOfRTName":"Start of forecast", "productStatus":0, "productStatusName":"Operational products", "productType":1, "productTypeName":"Forecast products", "productDefinitionTemplate":0, "productDefinitionTemplateName":"Analysis/forecast at horizontal level/layer at a point in time", "parameterCategory":2, "parameterCategoryName":"Momentum", "parameterNumber":3, "parameterNumberName":"V-component_of_wind", "parameterUnit":"m.s-1", "genProcessType":2, "genProcessTypeName":"Forecast", "forecastTime":0, "surface1Type":100, "surface1TypeName":"Isobaric surface", "surface1Value":5000.0, "surface2Type":255, "surface2TypeName":"Missing", "surface2Value":0.0, "gridDefinitionTemplate":0, "gridDefinitionTemplateName":"Latitude_Longitude", "numberPoints":65160, "shape":6, "shapeName":"Earth spherical with radius of 6,371,229.0 m", "gridUnits":"degrees", "resolution":48, "winds":"true", "scanMode":0, "nx":360, "ny":181, "basicAngle":0, "lo1":0.0, "la1":90.0, "lo2":359.0, "la2":-90.0, "dx":1.0, "dy":1.0 }, "data":
[rows 52 to 77 of 181, columns 0 to 57 of 360]
-3.8152075,-2.7952075,-3.4152076,-3.9852076,-3.0252075,-2.8052075,-2.9752076,-3.5452075,-4.1752076,-4.0752077,-3.3552074,-4.0452075,-4.7252073,-5.0152073,-4.8552074,-3.9152076,-3.6652076,-4.6952076,-6.3552074,-6.7352076,-7.1552076,-8.2752075,-8.105207,-8.845207,-7.1852074,-6.8952074,-7.7952075,-7.8152075,-7.3952074,-7.5452075,-7.5952077,-5.3552074,-4.1152077,-4.0652075,-2.8552074,-5.1552076,-8.045208,-7.5352077,-6.6652074,-5.2952075,-3.1752076,1.2747924,-0.5452075,0.36479247,-0.22520752,-0.94520754,3.0647924,7.2047925,7.4647923,6.9847927,11.2247925,9.734793,10.134792,9.164792,8.944793,9.264792,9.484793,11.914792
-3.2752075,-2.3052075,-3.3452075,-3.4352076,-3.6852076,-4.3352075,-4.6252074,-4.7552075,-3.9952075,-3.6352074,-4.4152074,-4.1452074,-4.2052073,-4.3652077,-4.9352074,-5.6552076,-6.2752075,-5.6152077,-5.0952077,-4.6652074,-5.9452076,-7.0852075,-8.885207,-9.235208,-8.945208,-8.585208,-8.795208,-8.345207,-9.325208,-7.9852076,-7.8052077,-7.2452073,-5.3152075,-3.8152075,-2.6152074,-0.8352075,-2.7052076,-5.4752073,-6.8752074,-3.6952076,-3.7452075,-0.14520752,0.7147925,0.86479247,2.6547925,5.3147926,4.5547924,3.2847924,6.6847925,8.384792,9.034793,9.134792,7.2947927,5.4547925,8.984793,10.834792,10.994793,11.9347925
-3.4252076,-3.4252076,-3.9352076,-3.4352076,-3.2652075,-3.8352075,-4.5652075,-4.9552073,-5.5652075,-4.9652076,-4.9052076,-5.1852074,-5.5652075,-6.3852077,-6.3852077,-5.2152076,-4.6752076,-4.6752076,-5.2052073,-6.2552075,-5.9552073,-5.0652075,-5.7152076,-5.7452073,-6.1852074,-5.9352074,-7.0552077,-7.6652074,-6.8052077,-6.9752073,-6.8752074,-6.2652073,-6.9152074,-5.7152076,-5.3752074,-3.8252075,-1.8252075,-1.5552075,-4.1452074,-1.9652076,-0.7652075,-1.1652075,0.7247925,3.5347924,4.6847925,6.3047924,8.264792,8.514792,8.704792,8.7247925,9.9347925,9.564793,8.594792,10.254792,12.554792,10.204792,10.694793,10.214792
-4.7352076,-2.9152076,-1.6852075,-1.6452075,-3.4852076,-4.4352074,-4.7252073,-6.0652075,-6.5752077,-6.4952073,-6.6152077,-6.2852077,-5.4952073,-4.9552073,-5.1152077,-5.9552073,-5.6152077,-5.7452073,-5.3952074,-5.5052075,-5.3052077,-6.0452075,-5.3452077,-4.7352076,-5.1552076,-5.6452074,-5.3052077,-5.9052076,-6.8652077,-6.2052073,-6.7052073,-7.5852075,-5.9652076,-5.6152077,-5.1352077,-3.4652076,-2.8952074,-3.8952074,-1.5952076,-0.7952075,-0.05520752,1.2447925,3.8447924,4.6447926,5.3147926,5.2947927,5.3947926,5.3847923,6.9547925,6.0547924,6.9147925,8.454792,9.164792,10.054792,6.1247926,7.2847924,7.7347927,10.9347925
-1.9552075,-2.7052076,-3.1052074,-5.7252073,-6.1952076,-4.5552077,-3.6552076,-3.8052075,-4.4552073,-5.5952077,-4.9552073,-4.4752073,-5.6152077,-4.7452073,-4.5852075,-4.0752077,-4.6952076,-5.5352077,-5.0752077,-3.9152076,-4.1652074,-4.4852076,-4.2452073,-5.0152073,-3.8052075,-4.1252074,-4.4752073,-5.0952077,-4.8452077,-5.5752077,-5.5052075,-4.7252073,-4.0852075,-2.9752076,-3.4252076,-4.2552075,-2.1552076,0.81479245,2.0847924,1.2047925,2.5247924,3.9647925,2.7847924,3.7247925,4.5847926,6.3547926,6.5347924,5.3247924,4.1047926,8.9747925,11.564793,11.414792,8.834792,6.1947923,8.804792,9.144793,10.154793,14.554792
-4.4452076,-3.8352075,-4.0252075,-2.8952074,-2.5952075,-2.0452075,-1.6252075,-3.1352074,-1.9652076,-3.5052075,-3.2752075,-2.4952075,-1.7052075,-2.6052074,-3.7152076,-3.0052075,-3.2052076,-3.9452076,-4.6152077,-3.4752076,-3.5052075,-2.5552075,-3.6452074,-4.2352076,-3.8052075,-3.7952075,-4.2352076,-5.3152075,-4.2052073,-4.2052073,-4.7352076,-3.7952075,-2.3752074,-1.5252075,-1.9552075,-1.6052076,-0.01520752,1.0547925,2.7347925,4.4347925,4.5247927,2.3747926,3.6847925,5.3847923,5.6147923,7.1547923,6.7447925,7.1747923,9.404793,9.784793,10.024793,8.774793,10.274793,11.244793,11.1847925,9.844792,10.674792,12.314793
-0.68520755,-0.26520753,-0.07520752,-0.7752075,-0.33520752,-1.1452075,-1.3052075,-1.2752075,-1.5852075,-1.1952075,-1.1552075,-0.8952075,-1.1452075,-1.2652075,-0.57520753,-2.0452075,-2.3052075,-2.8852074,-3.1252074,-3.8052075,-3.6452074,-2.6752076,-2.0552075,-2.8152075,-2.8952074,-3.1852076,-2.9852076,-2.2252076,-4.4152074,-3.8552074,-3.5252075,-2.7852075,-1.4552075,-0.5452075,-0.16520752,0.7147925,1.1447924,2.0647924,4.0547924,5.7147923,4.6047926,5.2347927,6.9547925,6.7347927,5.9347925,7.1847925,7.1447926,8.244793,7.9047923,7.1047926,8.9747925,10.164792,8.264792,9.674792,9.864793,7.8847923,12.344792,9.094792
0.3447925,-0.38520753,-0.5252075,-0.50520754,-0.88520753,-0.8452075,-0.7252075,-1.3852075,-1.3352075,-0.38520753,-0.7752075,0.11479248,-0.6152075,-0.42520753,-0.4752075,-1.5252075,-2.4852076,-2.3552074,-2.2152076,-1.7152076,-1.2352076,-1.7452075,-1.2752075,-1.5152075,-1.8152075,-1.8252075,-2.0152075,-2.2652075,-2.7652075,-3.0352075,-2.1252074,-1.2752075,-1.0752075,1.0247924,2.4447925,1.6347924,1.0847925,2.6347926,0.6947925,1.4247925,3.6247926,4.3947926,4.4447923,5.0247927,3.8147924,4.4847927,7.6247926,7.0447927,6.2247925,7.1947923,7.0347924,9.4347925,11.374792,7.9647923,3.1647925,10.964792,5.2247925,8.624792
2.2247925,2.0747924,1.1047925,-0.14520752,0.6447925,1.3247925,0.5247925,-0.2852075,-0.88520753,-0.68520755,0.3747925,0.44479248,-0.19520752,-0.4452075,-0.24520752,-1.8852075,-1.3752075,-1.3752075,-1.1052076,-1.8352075,-0.9152075,-0.7752075,-1.5152075,-0.3752075,0.07479248,0.8947925,0.5347925,0.7147925,0.064792484,-0.4052075,-0.5852075,-0.39520752,-0.29520753,-0.26520753,-0.8452075,0.31479248,2.1947925,2.2347925,0.36479247,1.0647925,1.2047925,2.6047926,3.4247925,3.1447926,2.9847925,4.8747926,5.4947925,5.6947923,4.0847926,6.0047927,6.3647923,6.3047924,10.254792,10.1847925,6.0547924,4.6147923,7.3647923,12.984793
1.6747925,2.1547925,1.7347925,2.3947926,3.8647926,3.0847924,1.5147924,1.8547925,2.0447924,2.1747925,1.5847925,0.8847925,0.3047925,0.04479248,-0.57520753,-0.42520753,-0.7152075,-0.5452075,-0.8952075,-0.5952075,-0.57520753,0.4947925,1.9147925,1.0247924,0.5947925,0.18479247,0.7347925,0.74479246,1.2647924,1.6247925,0.8947925,0.6547925,-0.16520752,-0.5152075,-1.2352076,-0.81520754,0.7047925,2.0247924,1.2047925,-0.18520752,0.86479247,1.8447925,1.3847924,3.1947925,6.3647923,7.7447925,3.5847924,3.4347925,6.5647926,6.8747926,5.1847925,7.3047924,8.894793,8.804792,9.134792,3.0947924,1.1847925,7.5847926
0.3447925,-0.75520754,0.99479246,0.86479247,0.38479248,0.6947925,1.9747925,1.2447925,0.8847925,0.9747925,0.7247925,0.7747925,1.4347925,0.39479247,0.17479248,0.5347925,0.4347925,1.0547925,0.45479247,0.5747925,0.4047925,0.45479247,1.2047925,1.4447925,1.8347925,1.1547924,0.5247925,0.13479248,0.8947925,1.0047925,0.9647925,0.16479248,-0.42520753,-1.9552075,-0.5552075,-0.27520752,-0.50520754,0.81479245,1.4547925,1.4147925,2.7247925,5.1647925,5.1447926,4.9747925,2.8947926,1.8347925,4.8947926,4.2347927,4.5447927,5.8647923,8.954792,8.504792,6.3447924,6.8547926,8.094792,5.4547925,4.0147924,1.9547925
0.42479247,2.0747924,1.4847925,0.81479245,0.38479248,0.10479248,0.93479246,0.36479247,0.5347925,1.1547924,2.0647924,2.8447924,2.7547925,3.2447925,2.5947924,1.9547925,1.6747925,0.93479246,1.8047925,1.8147925,1.8147925,1.1947925,1.0247924,-1.1552075,-0.26520753,0.67479247,0.07479248,1.5447925,0.7647925,-0.3752075,-1.3652076,-1.7552075,-0.8352075,-0.35520753,-1.6952075,-1.5552075,-1.0152075,-2.1152074,-0.4752075,2.9847925,4.0647926,3.1947925,1.8547925,0.4347925,3.1247926,6.8447924,5.2647924,3.0347924,5.4747925,7.8847923,7.4447923,7.9247923,7.5147924,6.9647923,5.7047925,6.5447927,8.204792,9.374792
2.5947924,3.0947924,3.9247925,2.5247924,2.5147924,1.8747925,1.0947925,0.25479248,1.1247925,2.3947926,2.8747926,3.5247924,3.6647925,2.8147924,1.8347925,0.75479245,0.68479246,0.8247925,1.4647925,1.5347924,1.6747925,0.9547925,0.7147925,1.4447925,1.3947924,1.5547925,1.3747925,0.16479248,-3.2052076,-3.8252075,-2.8952074,-2.0452075,-0.93520755,-0.7052075,-0.43520752,0.024792481,1.4747925,3.0447924,4.6747923,4.3347926,0.8347925,-1.0752075,0.6347925,1.8247925,6.2047925,8.894793,2.0347924,3.6747925,6.6747923,7.4147925,7.7647924,8.064793,7.7247925,7.5447927,6.8647923,7.5747924,6.5847926,6.5047927
3.4247925,3.9247925,2.8547926,3.3847926,2.5947924,1.6847925,2.7047925,2.6047926,2.4247925,2.2247925,2.8847926,3.5847924,3.7147925,3.0347924,2.6447926,1.8347925,1.5547925,1.3947924,0.05479248,-0.04520752,-1.3052075,-0.4052075,-0.18520752,-0.7752075,-0.39520752,0.26479247,-0.20520753,-1.2152076,-0.9852075,-1.7452075,-0.9052075,-1.1352075,-0.46520752,1.2547925,4.3347926,5.9947925,8.604793,8.534793,6.1547923,1.2947925,0.31479248,-0.4752075,-1.8452076,5.1547923,7.3047924,3.8147924,6.4447923,5.3447924,6.3847923,7.2347927,7.4947925,9.044792,6.9147925,6.1047926,5.3847923,3.9847925,2.0547924,1.4547925
4.4047923,5.0147924,3.0847924,3.3647926,4.6947923,3.3847926,3.8347924,2.9547925,3.4347925,2.6047926,2.5447924,3.3047924,3.9247925,3.3047924,1.9547925,1.7147925,0.14479248,-0.8452075,-0.2552075,-0.9052075,-0.68520755,-1.1552075,-2.0552075,-1.6652075,-1.5952076,-2.1552076,-2.1952076,-2.6552076,-2.2052076,-0.13520752,0.5947925,2.8247924,6.5547924,8.814793,9.704792,10.084792,10.094792,7.3947926,3.3547926,0.25479248,1.0947925,2.1947925,3.6047926,8.914792,7.1447926,6.4647923,8.324793,5.6347923,6.0947924,8.784793,9.344792,8.564793,5.3947926,4.2347927,2.2447925,0.9147925,-0.18520752,-0.18520752
4.3547926,3.7347925,4.4547925,3.8047924,3.5547924,3.0547924,2.2547925,2.1147926,3.0947924,3.2047925,3.6547925,3.4847925,3.0347924,4.4947925,3.0947924,1.6647925,1.4147925,0.4047925,-0.38520753,-0.2552075,-0.5152075,-0.69520754,-1.0852075,-2.1952076,-3.3752074,-2.3352075,-0.82520753,-0.46520752,0.36479247,3.0247924,4.5947924,6.2247925,6.1947923,6.7847924,9.634792,8.534793,6.9847927,3.4347925,2.1947925,4.6347923,1.2247925,1.3847924,6.5647926,5.2347927,5.9347925,5.5247927,7.1247926,7.5647926,7.9147925,8.274793,7.1547923,4.3847923,3.0547924,2.8447924,1.9347925,0.21479248,0.7347925,0.6047925
2.5247924,1.0447925,1.2347925,0.8947925,1.2647924,1.7347925,1.4247925,1.4447925,3.0147924,3.5947924,3.3947926,3.4247925,2.5847924,3.6647925,3.1547925,2.9747925,2.2247925,2.4047925,3.3847926,3.0347924,2.3447924,1.8947924,0.62479246,1.4647925,1.2247925,0.80479246,1.0047925,2.0347924,2.9547925,5.5747924,6.5947924,7.0547924,7.6447926,8.734793,8.464792,5.6347923,2.7547925,1.7547925,6.1247926,4.6747923,2.8547926,2.5147924,3.7047925,4.6347923,4.2947927,3.5947924,5.6847925,7.4647923,9.074793,7.7647924,5.1747923,4.2447925,4.4147925,2.1447926,2.5947924,1.9547925,1.8747925,0.9447925
0.11479248,-1.2852075,-0.09520752,0.13479248,1.6347924,1.7747924,0.9147925,1.3147925,2.5947924,1.7647924,3.5447924,4.7047925,3.4047925,3.2147925,4.6647925,3.5947924,3.6647925,4.3647923,4.7947927,5.1647925,4.9147925,3.7647924,4.1047926,3.4247925,3.9547925,4.4947925,5.8947926,5.6847925,6.2147923,7.7847924,8.054792,7.9347925,6.6747923,6.7047925,5.1647925,5.9547925,4.3847923,4.2047925,5.2147923,6.7347927,5.4947925,5.3147926,2.6047926,4.8547926,5.5447927,5.3647923,7.0047927,5.3747926,4.5147924,3.9747925,2.9547925,2.8047924,1.8647925,1.8547925,1.4947925,2.2247925,1.6047925,-0.03520752
-2.8952074,-1.5552075,0.68479246,2.0947924,2.6047926,3.3047924,3.1247926,3.3247924,1.8447925,1.9347925,3.1047926,3.3747926,3.2947924,2.3447924,2.5947924,3.6547925,3.2847924,5.3247924,4.7747927,5.6147923,5.6447926,5.5947924,4.6247926,5.3647923,5.7747927,5.8347926,7.0547924,8.504792,8.524793,7.5347924,7.3347926,5.4547925,5.6247926,5.0647926,3.9847925,5.8147926,6.1247926,9.884792,5.7547927,8.614793,7.0447927,3.3047924,6.9247923,6.8647923,7.6447926,5.5547924,4.1147923,2.3847926,1.1947925,1.6147925,1.9047924,0.68479246,1.8247925,1.7947925,2.3547926,2.8047924,0.38479248,-1.5552075
-0.8452075,0.5947925,0.22479248,2.8847926,2.9647925,4.3747926,4.7147923,3.4447925,2.6547925,1.6447924,2.3847926,2.9847925,1.9247925,1.0547925,1.3947924,1.0547925,2.9347925,4.3147926,5.3447924,4.2947927,4.4347925,4.6547923,4.8747926,5.1347923,6.0547924,7.9047923,8.354793,8.764792,7.2247925,6.8147926,6.2447925,5.4847927,6.5447927,4.6947923,5.5047927,5.6747923,6.2947927,4.6947923,5.7747927,3.9147925,2.7847924,4.2247925,5.6747923,6.0047927,8.944793,6.7847924,4.5047927,3.1447926,2.1547925,1.0747925,-0.45520753,0.22479248,1.3247925,2.3947926,2.1847925,1.1447924,-0.5952075,-2.9252076
0.36479247,0.0147924805,0.6347925,3.3147924,3.5547924,3.1747925,3.3647926,1.7047925,1.5247924,1.1847925,1.4147925,1.5447925,0.50479245,0.18479247,0.22479248,1.7347925,2.6447926,4.0347924,5.0247927,5.1047926,6.6647925,7.4747925,8.014792,7.8747926,7.4847927,7.1747923,7.7647924,6.9647923,6.3147926,5.3847923,4.3647923,4.9947925,4.5047927,2.8247924,3.8347924,3.9347925,3.4147925,1.9347925,-0.04520752,1.6047925,3.1647925,5.5347924,6.2747927,5.2547927,6.1047926,5.6447926,2.8547926,0.9647925,2.0147924,1.2647924,2.8647926,4.1547923,2.9547925,2.1947925,1.1347924,-0.09520752,-2.0752075,-2.1552076
2.6547925,2.4547925,1.9147925,1.8647925,2.0247924,1.3847924,2.1947925,0.5247925,-0.22520752,0.18479247,-0.07520752,0.62479246,0.20479248,-0.46520752,-0.5452075,0.3747925,2.2047925,4.3047924,4.7847924,5.3847923,4.8947926,5.0247927,6.0447927,5.8347926,6.2747927,6.7247925,8.384792,7.0947924,6.2747927,4.3947926,4.7947927,4.4347925,3.8847926,4.7647924,3.5547924,3.5847924,2.9047925,2.2747924,1.4147925,1.7047925,3.5247924,5.3047924,5.6547923,5.3547926,4.4747925,3.9547925,4.5247927,3.7647924,3.8947926,7.0847926,5.7747927,3.1347926,3.4147925,0.81479245,-0.0052075195,-0.9252075,-1.8152075,-3.7552075
3.8947926,2.1347926,2.0847924,2.1547925,1.8147925,1.8747925,3.3547926,0.74479246,0.28479248,1.1247925,-0.05520752,-0.01520752,0.3747925,1.3147925,-0.2552075,2.0947924,3.0247924,4.3747926,2.9947925,2.9447925,3.9047925,4.0647926,5.0847926,6.4847927,6.3947926,8.104793,6.9247923,5.7747927,4.6047926,4.4447923,4.8547926,5.6947923,6.1147923,3.5347924,1.8547925,2.0447924,2.7347925,2.1447926,2.9447925,3.0947924,4.8847923,3.9147925,2.7947924,4.1547923,1.7047925,2.8347924,3.3747926,5.3347926,6.1147923,2.7747924,2.2347925,2.0047925,0.56479245,0.35479248,-0.06520752,-0.7852075,-1.5752075,-3.1252074
2.2947924,2.9147925,3.3147924,4.6147923,4.1547923,3.5047925,4.3047924,3.2147925,1.8547925,2.1247926,1.8547925,0.08479248,0.45479247,1.1847925,2.0747924,1.5747925,0.9547925,0.6347925,1.7047925,2.4247925,3.2047925,4.9047923,6.0047927,6.4247923,5.9447923,5.9947925,6.4147925,4.9847927,5.1047926,5.0447927,6.1847925,6.7347927,5.5847926,4.6247926,2.7747924,2.8847926,2.3247924,3.2347925,3.6247926,4.0847926,3.4747925,2.6347926,3.2147925,2.8547926,4.0647926,4.4347925,3.9947925,4.9247923,1.8647925,0.9647925,1.1047925,1.4647925,1.2347925,0.61479247,-0.42520753,-1.5552075,-2.9352076,-4.3752074
2.3147924,2.0647924,2.5047925,4.6747923,4.3147926,3.5147924,3.1847925,3.2947924,3.2747924,4.1647925,3.7947924,5.1547923,3.1647925,2.2247925,0.9747925,0.7947925,0.35479248,0.7147925,-0.23520751,1.6247925,2.5747924,1.8447925,4.2247925,3.1247926,2.4747925,2.7447925,3.9347925,5.6947923,6.0547924,4.9847927,5.1747923,3.9547925,2.5947924,1.8847924,2.2347925,1.7747924,3.1147926,4.6347923,5.1047926,3.4547925,2.7647924,3.4247925,3.9347925,4.1047926,3.8847926,1.4747925,0.9047925,0.5947925,0.6347925,-0.7652075,-0.10520752,-0.32520753,-0.46520752,-0.75520754,-3.4752076,-3.4452076,-3.5552075,-3.9152076
3.3447924,2.7147925,2.3647926,2.7647924,2.2247925,3.2047925,3.1947925,2.6647925,2.4147925,3.4647925,4.1347923,3.6847925,2.9847925,1.9847925,1.7447925,1.0647925,1.3447925,1.1547924,0.09479248,1.3447925,2.8847926,2.7547925,3.5947924,2.4747925,2.7247925,3.1547925,3.4147925,3.5147924,2.8847926,3.6547925,2.8147924,1.4247925,0.42479247,0.064792484,1.4147925,1.2247925,4.0947924,4.3547926,4.6047926,3.4947925,3.9347925,3.6247926,2.9647925,3.1847925,0.74479246,-0.4052075,-0.10520752,-0.33520752,-0.30520752,-0.9852075,-2.0752075,-1.3452076,-0.5152075,-2.4252076,-3.3852074,-2.2952075,-2.3852074,-3.5052075
