utils/test.json
{"header": { "discipline":0, "disciplineName":"Meteorological products", "gribEdition":2, "gribLength":74601, "center":7, "centerName":"US National Weather Service - NCEP(WMC)", "subcenter":0, "refTime":"2023-02-17T00:00:00.000Z", "significanceOfRT":1, "significanceOfRTName":"Start of forecast", "productStatus":0, "productStatusName":"Operational products", "productType":1, "productTypeName":"Forecast products", "productDefinitionTemplate":0, "productDefinitionTemplateName":"Analysis/forecast at horizontal level/layer at a point in time", "parameterCategory":2, "parameterCategoryName":"Momentum", "parameterNumber":2, "parameterNumberName":"U-component_of_wind", "parameterUnit":"m.s-1", "genProcessType":2, "genProcessTypeName":"Forecast", "forecastTime":0, "surface1Type":100, "surface1TypeName":"Isobaric surface", "surface1Value":5000.0, "surface2Type":255, "surface2TypeName":"Missing", "surface2Value":0.0, "gridDefinitionTemplate":0, "gridDefinitionTemplateName":"Latitude_Longitude", "numberPoints":65160, "shape":6, "shapeName":"Earth spherical with radius of 6,371,229.0 m", "gridUnits":"degrees", "resolution":48, "winds":"true", "scanMode":0, "nx":360, "ny":181, "basicAngle":0, "lo1":0.0, "la1":90.0, "lo2":359.0, "la2":-90.0, "dx":1.0, "dy":1.0 }, "data":
[rows 52 to 77 of 181, columns 180 to 239 of 360]
2.309922,1.0599219,1.4199219,1.2499219,0.9199219,0.39992186,2.629922,1.9399219,0.94992185,1.2899219,-0.80007815,-2.110078,-1.5300782,-3.2100782,-3.3000782,-3.5300782,-4.3600783,-3.920078,-4.370078,-3.4800782,-3.3200781,-4.270078,-4.820078,-4.930078,-5.230078,-6.350078,-6.990078,-6.890078,-5.9200783,-6.520078,-5.350078,-5.040078,-6.100078,-4.600078,-4.1700783,-4.450078,-5.390078,-5.270078,-4.4400783,-4.070078,-3.380078,-3.3000782,-2.890078,-2.870078,-1.1900781,-3.400078,-1.6000781,-3.410078,-3.860078,-5.470078,-4.430078,-3.930078,-4.260078,-5.180078,-6.060078,-6.010078,-5.350078,-4.6700783,-3.850078,-3.380078
2.9699218,1.0699219,1.9599218,1.9099219,0.16992188,1.1699219,1.1499219,0.19992188,0.019921875,0.15992187,-1.0800781,-1.6100781,-2.640078,-2.870078,-3.2400782,-3.5700781,-3.9700782,-3.2200782,-3.3300781,-3.160078,-3.2200782,-3.950078,-4.750078,-3.860078,-4.6900783,-6.080078,-6.200078,-6.570078,-6.020078,-5.080078,-4.4400783,-3.2900782,-2.880078,-3.660078,-4.560078,-2.9600782,-4.160078,-4.680078,-4.470078,-3.9600782,-2.850078,-2.670078,-1.5800781,-0.81007814,-1.0600781,-2.100078,-2.910078,-3.640078,-4.030078,-5.6900783,-4.1300783,-3.0200782,-4.030078,-4.3800783,-3.9700782,-3.600078,-3.390078,-2.7800782,-2.370078,-3.370078
1.6999218,0.10992187,0.47992188,1.1599219,-0.24007812,0.26992187,-0.26007813,-0.37007812,-2.2200782,-1.5100781,-3.5200782,-2.430078,-2.590078,-5.010078,-4.9000783,-2.5300782,-4.6500783,-4.060078,-3.2300782,-4.530078,-5.220078,-5.070078,-5.280078,-5.230078,-5.700078,-6.240078,-5.500078,-5.350078,-5.510078,-5.290078,-4.1900783,-3.380078,-2.4600782,-1.6100781,-2.950078,-2.590078,-5.270078,-3.5600781,-4.4400783,-4.520078,-2.950078,-1.8700781,-2.2500782,-1.4700781,-1.5400782,-1.8800781,-2.630078,-1.2400781,-2.2500782,-2.2800782,-1.9100782,-2.7400782,-3.100078,-2.9800782,-2.340078,-2.190078,-0.9800781,-0.7100781,-2.0600781,-2.870078
-0.14007813,-0.76007813,-0.7200781,0.5199219,1.1099219,-0.15007812,-1.4600781,-1.9600781,-3.390078,-3.0500782,-3.380078,-3.430078,-2.7300782,-2.630078,-2.3100781,-2.090078,-3.910078,-3.9900782,-4.6300783,-6.240078,-6.830078,-6.510078,-6.140078,-6.430078,-6.9000783,-6.3400784,-6.030078,-6.000078,-6.480078,-6.7100782,-5.9200783,-4.890078,-3.880078,-2.5200782,-2.5000782,-2.4600782,-0.76007813,-2.930078,-4.250078,-3.7900782,-3.7800782,-1.9700781,-2.390078,-1.5100781,-1.4300781,-0.6500781,-1.4800781,0.10992187,-0.6700781,-1.2400781,-2.9900782,-3.670078,-3.0100782,-2.840078,-2.8100781,-1.5600781,-2.2900782,-0.57007813,-1.6600782,-1.2200781
0.40992188,-0.43007812,0.86992186,1.4999219,-0.26007813,-1.1400781,-2.370078,-2.3100781,-3.5700781,-3.0100782,-3.4900782,-2.8100781,-3.2800782,-4.4400783,-4.3800783,-3.400078,-4.950078,-4.680078,-6.1900783,-6.730078,-7.4600782,-7.850078,-6.930078,-6.990078,-7.6700783,-7.200078,-7.270078,-7.580078,-5.950078,-6.050078,-6.790078,-5.540078,-4.770078,-3.0100782,-3.5700781,-3.160078,-1.9400781,-2.2600782,-2.430078,-2.430078,-3.130078,-3.150078,-1.0100781,0.38992187,0.42992187,0.059921876,0.6599219,0.12992187,0.50992185,-0.4700781,-0.99007815,-1.6800781,-1.6100781,-0.050078124,-0.080078125,-0.14007813,-0.6000781,-1.1800781,-0.7700781,-0.5200781
1.1499219,0.4699219,1.0299219,1.6699219,-1.1900781,-2.0200782,-2.7800782,-3.950078,-4.270078,-3.850078,-3.0300782,-4.870078,-4.580078,-4.990078,-4.730078,-4.810078,-4.250078,-4.780078,-5.430078,-6.8800783,-9.390079,-8.960078,-7.140078,-6.350078,-5.520078,-5.9200783,-6.430078,-5.830078,-5.9600782,-5.450078,-4.950078,-5.310078,-4.9200783,-3.4900782,-1.3000782,-2.410078,-1.9900781,-1.3200781,-1.7000781,-1.5500782,-0.93007815,-0.76007813,-0.99007815,0.7099219,0.98992187,0.75992185,-0.120078124,0.20992188,0.62992185,0.5899219,0.23992187,0.40992188,0.24992187,0.6399219,1.2299218,0.69992185,-1.0100781,-1.5300782,0.2799219,-0.33007812
0.61992186,0.34992188,-0.21007812,-1.1300781,-2.7100782,-3.2700782,-2.920078,-4.5900784,-4.810078,-4.470078,-3.880078,-5.200078,-5.240078,-4.020078,-6.510078,-6.890078,-5.140078,-4.910078,-5.850078,-6.6300783,-7.7100782,-8.280078,-5.6500783,-4.820078,-3.8300781,-4.980078,-3.450078,-2.900078,-3.5200782,-4.140078,-4.100078,-4.050078,-4.030078,-3.9700782,-1.7800782,-3.2300782,-1.5000781,-1.2100781,0.7699219,0.6599219,1.8099219,0.47992188,-7.8125E-5,0.2799219,0.21992187,-0.32007813,0.80992186,1.4099219,0.36992186,0.75992185,1.2599219,0.7999219,0.7799219,0.6499219,0.5399219,0.37992188,0.9699219,-0.27007812,-0.35007814,-0.88007814
-0.2500781,-0.34007812,-2.4800782,-3.5700781,-4.990078,-4.930078,-3.640078,-5.220078,-5.770078,-2.9700782,-4.1500783,-5.1700783,-4.430078,-4.9000783,-7.4000783,-6.560078,-6.7100782,-6.910078,-7.350078,-7.520078,-7.310078,-5.600078,-5.9200783,-4.240078,-3.380078,-3.5600781,-2.870078,-2.100078,-1.3900781,-2.2100782,-3.890078,-2.680078,-1.5000781,-2.880078,-0.07007813,-2.340078,-3.360078,0.019921875,0.7099219,2.329922,1.4499218,1.6599219,1.1499219,-0.19007812,1.8399218,2.399922,0.74992186,1.9999219,0.47992188,1.1099219,2.2199218,1.9899219,1.3299218,1.0999218,1.8699219,0.68992186,1.4699218,0.6499219,0.62992185,0.9099219
-2.190078,-1.3400781,-2.9600782,-5.950078,-6.8400784,-6.070078,-5.810078,-6.600078,-4.990078,-4.310078,-4.200078,-4.790078,-5.9000783,-6.740078,-8.100079,-7.770078,-7.870078,-7.8400784,-7.320078,-6.520078,-6.070078,-6.600078,-5.560078,-5.800078,-4.810078,-4.4000783,-2.890078,-0.94007814,0.31992188,0.61992186,0.31992188,-0.4700781,-2.440078,-0.35007814,0.73992187,1.2899219,-1.0900781,-0.99007815,0.73992187,-1.1500782,0.62992185,1.5099219,2.4599218,3.4999218,0.6699219,2.7599218,1.3899219,2.599922,1.9999219,3.129922,3.599922,3.4499218,1.9699218,2.2099218,3.1799219,3.2599218,2.9499218,2.839922,1.8299218,2.6999218
-1.9200782,-4.160078,-5.160078,-7.930078,-7.580078,-6.260078,-4.4000783,-5.9200783,-5.570078,-3.640078,-4.040078,-5.490078,-5.9400783,-7.750078,-7.350078,-7.220078,-8.310078,-7.620078,-7.0900784,-7.510078,-6.240078,-6.240078,-5.8800783,-5.750078,-4.6500783,-1.3400781,-0.40007812,-0.68007815,1.6599219,0.9099219,1.2199218,-0.30007812,-0.38007814,-0.74007815,1.1299219,-1.0400782,-1.5100781,-1.5100781,-0.040078126,-0.88007814,0.7899219,0.68992186,1.0199219,0.21992187,0.31992188,2.4499218,1.7899219,2.7699218,3.2699218,3.7799218,3.079922,6.189922,4.669922,5.1199217,5.649922,5.299922,5.0599217,4.249922,3.7399218,3.089922
-3.870078,-5.310078,-8.010078,-9.300078,-8.320078,-7.0900784,-7.2100782,-6.450078,-5.450078,-4.540078,-5.240078,-6.720078,-7.1500783,-8.350079,-7.320078,-9.000078,-8.570078,-7.990078,-8.190078,-6.6500783,-6.890078,-7.120078,-4.760078,-5.0900784,-4.180078,-0.74007815,0.11992188,1.1899219,2.829922,1.2099218,1.3999219,0.12992187,0.47992188,-1.4400781,0.7099219,0.11992188,-0.7000781,-0.7900781,-0.7000781,-0.19007812,1.8399218,1.5599219,1.6799219,2.149922,1.8699219,2.5099218,2.409922,4.5799217,3.379922,3.839922,3.2199218,5.109922,5.719922,5.739922,5.719922,4.449922,5.419922,4.979922,4.359922,4.949922
-6.100078,-8.950078,-10.340078,-9.350079,-7.990078,-7.930078,-7.580078,-6.540078,-5.790078,-5.7100782,-5.530078,-6.6100783,-9.310078,-8.090078,-9.170078,-8.130078,-7.890078,-8.080078,-7.6500783,-7.280078,-6.570078,-6.080078,-6.100078,-5.490078,-4.640078,-2.5700781,0.29992187,0.41992188,1.0999218,1.0299219,0.26992187,1.4099219,0.8599219,1.2799219,0.87992185,1.0399219,0.80992186,2.369922,0.40992188,-0.36007813,-0.5800781,0.4699219,1.1399219,2.579922,1.5399219,1.9299219,2.409922,3.329922,3.879922,4.379922,3.389922,4.819922,5.629922,4.719922,3.9399219,4.759922,4.5999217,4.319922,5.5799217,8.229922
-6.970078,-11.270078,-10.790078,-9.260078,-8.300078,-9.730078,-6.640078,-7.320078,-6.9600782,-6.300078,-6.270078,-7.830078,-9.210078,-8.400078,-8.030078,-8.4300785,-9.530078,-9.080078,-8.570078,-7.0900784,-6.060078,-4.6500783,-5.290078,-5.030078,-4.050078,-0.43007812,-0.5300781,1.2199218,0.7299219,0.2799219,0.62992185,-0.22007813,-0.56007814,-0.2800781,0.5999219,1.4299219,2.4499218,1.5799218,2.359922,1.1299219,1.4799218,0.9599219,0.73992187,1.0099219,1.2099218,1.1699219,1.1499219,2.409922,3.619922,2.4499218,3.089922,4.729922,5.459922,4.899922,5.249922,6.509922,7.839922,7.069922,7.249922,7.609922
-8.560078,-11.880078,-11.600079,-7.780078,-8.170078,-8.820078,-7.0900784,-7.430078,-7.260078,-5.530078,-8.260078,-8.940078,-9.730078,-7.0900784,-9.450078,-12.020078,-9.200078,-9.110078,-7.140078,-6.740078,-3.670078,-4.250078,-3.440078,-4.000078,-3.0000782,-1.5300782,-0.32007813,0.059921876,0.55992186,0.26992187,-0.69007814,-1.0800781,-1.2600781,0.029921874,0.32992187,0.4399219,0.75992185,0.19992188,0.30992186,2.299922,1.5299219,0.9199219,1.6899219,1.7499219,1.8299218,2.2799218,2.9599218,1.2899219,2.109922,2.549922,3.7799218,4.229922,4.899922,6.429922,7.8699217,8.279922,7.929922,8.479922,7.739922,6.719922
-9.090078,-11.030078,-9.520078,-7.030078,-8.320078,-8.970078,-6.980078,-7.950078,-7.620078,-7.480078,-8.6800785,-8.830078,-9.220078,-9.190078,-12.020078,-11.350079,-10.060078,-8.860078,-6.3600783,-4.910078,-4.9600782,-4.270078,-2.350078,-1.1800781,-1.7700782,0.039921876,1.3199219,0.48992187,0.38992187,0.18992187,1.7799219,0.15992187,-0.9500781,-0.050078124,0.4999219,1.3899219,-0.5900781,-0.09007812,0.87992185,0.7899219,0.12992187,1.0599219,1.0399219,1.8499218,1.6399219,2.1999218,1.9799218,1.8699219,2.7599218,5.8499217,6.679922,7.939922,9.439922,11.589922,10.439922,10.5699215,8.679922,8.969922,6.709922,6.8299217
-10.410078,-11.030078,-8.000078,-7.160078,-8.520078,-8.120078,-8.160078,-8.510078,-7.770078,-8.810078,-9.560078,-9.210078,-9.240078,-11.170078,-13.250078,-9.190078,-7.1900783,-6.080078,-5.050078,-3.7300782,-4.1900783,-1.9900781,-2.600078,-1.6100781,-0.7900781,0.4699219,0.86992186,2.099922,1.2399219,2.149922,2.4499218,1.5799218,2.7899218,2.619922,4.069922,3.309922,3.7199218,3.409922,3.2299218,2.119922,0.029921874,1.5499219,1.0699219,2.5099218,2.809922,2.909922,3.639922,4.439922,6.179922,7.199922,7.0999217,7.739922,8.679922,8.619922,8.949922,7.499922,7.709922,7.3099217,7.6599216,7.569922
-10.740078,-10.650078,-6.410078,-6.640078,-9.140079,-8.280078,-7.760078,-8.070078,-8.350079,-9.360078,-9.830078,-9.260078,-8.190078,-11.090078,-9.880078,-7.0900784,-6.1100783,-6.760078,-4.410078,-3.4900782,-3.5100782,-3.7300782,-2.860078,-0.24007812,0.5999219,0.86992186,0.8999219,0.99992186,2.7799218,3.4699218,0.98992187,1.0299219,2.6899219,3.1799219,3.889922,5.379922,3.869922,3.9299219,2.869922,2.7799218,3.6899219,2.2799218,2.0199218,2.149922,2.7799218,2.849922,4.3299217,6.549922,6.879922,7.419922,6.049922,6.499922,6.249922,7.029922,6.719922,6.8099217,6.049922,6.669922,8.439922,7.219922
-11.710078,-9.440078,-6.0900784,-6.8800783,-8.120078,-9.160078,-9.490078,-8.560078,-7.620078,-9.810078,-9.640079,-8.530078,-8.290078,-10.620078,-9.1800785,-7.180078,-4.730078,-4.700078,-3.8200781,-1.8900781,-3.390078,-1.5400782,-2.450078,-0.15007812,0.68992186,2.4199219,0.5199219,0.94992185,3.1899219,1.9099219,0.8999219,1.4499218,3.139922,2.589922,2.0099218,3.7599218,5.0999217,4.489922,2.569922,2.7599218,2.9999218,4.3499217,4.7899218,3.7899218,2.879922,3.4299219,4.459922,5.4099216,5.8699217,6.259922,5.169922,6.799922,6.629922,7.569922,7.339922,5.249922,6.019922,7.979922,7.0399218,5.009922
-10.960078,-8.970078,-6.430078,-7.1100783,-8.750078,-9.510078,-8.600079,-7.6100783,-6.060078,-7.500078,-8.460078,-7.6500783,-7.320078,-9.250078,-7.890078,-5.200078,-0.39007813,-1.0700781,-2.7700782,-2.3100781,0.7999219,-2.5400782,-2.170078,-1.3000782,-1.6800781,0.8899219,0.6099219,4.0599217,4.429922,3.909922,4.709922,2.7599218,1.5099219,2.0099218,2.559922,3.559922,3.1999218,2.4499218,1.2999219,1.3999219,4.109922,5.699922,6.029922,4.399922,3.1799219,3.7599218,4.3699217,4.8099217,5.109922,6.6199217,6.339922,6.859922,6.679922,6.3299217,5.679922,6.5799217,8.019922,6.759922,4.8699217,3.609922
-9.670078,-7.910078,-6.0900784,-5.780078,-7.990078,-8.660078,-7.810078,-6.2100782,-6.050078,-6.3400784,-6.8600783,-6.740078,-7.850078,-6.850078,-5.760078,-4.780078,-0.22007813,-2.4700782,-2.2500782,-0.62007815,-1.0500782,-0.68007815,1.0599219,1.4899219,1.9499218,2.809922,5.0599217,4.5999217,4.679922,5.469922,6.449922,3.7299218,2.4499218,2.299922,3.399922,2.609922,1.0199219,0.20992188,0.8599219,1.7899219,2.609922,4.319922,4.749922,3.049922,2.569922,2.6699219,4.109922,5.049922,4.8699217,5.6399217,5.769922,6.3099217,5.439922,5.729922,7.8899217,9.009922,7.8499217,6.8899217,5.699922,5.0999217
-8.470078,-7.270078,-5.6900783,-5.3800783,-7.200078,-8.010078,-6.930078,-5.730078,-4.230078,-3.850078,-4.9400783,-7.220078,-7.3400784,-5.6700783,-3.5300782,-2.0800781,-1.1200781,-1.7700782,0.28992188,-0.36007813,-1.3800781,0.5399219,3.359922,4.919922,5.799922,5.339922,4.3099217,5.279922,6.279922,6.229922,5.479922,4.9099216,5.339922,3.409922,5.3099217,4.719922,4.479922,1.8599219,2.299922,3.319922,2.909922,3.7699218,4.279922,3.9399219,3.9599218,4.029922,4.609922,6.5599217,6.609922,5.8299217,4.879922,4.759922,5.8499217,6.2899218,7.3499217,8.139922,8.439922,8.769922,8.599922,6.629922
-6.790078,-6.490078,-5.350078,-4.180078,-5.260078,-5.160078,-5.270078,-4.9600782,-4.390078,-3.5800781,-3.630078,-4.530078,-5.1700783,-3.660078,-3.4700782,-2.0400782,-2.190078,-0.07007813,1.9199219,1.4799218,1.0399219,1.1999218,2.389922,4.179922,5.179922,4.089922,4.169922,6.029922,9.5699215,5.6599216,5.649922,6.759922,8.879922,9.929922,8.789922,6.3899217,6.969922,2.9899218,2.889922,1.4599218,2.059922,2.7199218,2.7399218,4.049922,3.9699218,3.599922,6.7899218,6.689922,5.8099217,3.629922,4.109922,5.3499217,5.799922,6.519922,7.449922,9.3199215,8.159922,8.589922,9.059922,11.349922
-5.070078,-4.1300783,-3.2500782,-3.7500782,-4.3800783,-4.200078,-4.290078,-3.2700782,-3.0600781,-3.5100782,-3.2600782,-2.2700782,-1.2200781,-1.3500781,-1.4700781,-2.0000782,-1.9000782,1.3599219,-0.43007812,1.1399219,2.839922,1.1199219,2.7599218,4.5399218,4.3099217,4.399922,5.169922,7.2899218,4.989922,5.229922,4.779922,6.549922,8.989922,10.789922,9.079922,7.449922,5.649922,3.619922,4.489922,3.879922,2.9899218,3.129922,4.3899217,3.7699218,4.209922,5.029922,6.679922,7.419922,7.769922,7.899922,10.049922,7.759922,7.569922,7.109922,8.439922,9.199922,8.879922,7.259922,8.509922,11.599922
-4.3600783,-2.690078,-2.2600782,-2.4800782,-2.9600782,-2.0500782,-1.7300781,-1.9400781,-1.9700781,-1.3800781,-1.3900781,-1.0600781,-1.4000782,0.7199219,1.5399219,0.4699219,1.0699219,0.94992185,1.5599219,2.409922,4.709922,4.239922,5.0999217,4.919922,2.7299218,3.4599218,4.009922,5.589922,6.649922,9.139922,6.8099217,7.5599217,10.3199215,11.459922,10.029922,8.619922,7.0799217,8.609921,7.609922,7.189922,6.8099217,4.8099217,6.1199217,6.699922,5.589922,4.919922,7.589922,8.779922,9.059922,10.919922,11.599922,11.769922,12.529922,12.349922,12.009922,13.539922,13.3199215,12.109921,14.249922,15.679922
-0.80007815,-1.0700781,-0.23007813,0.80992186,-0.15007812,0.44992188,0.22992188,1.8899219,1.1199219,1.2599219,2.579922,1.3499218,2.2899218,1.9899219,2.079922,4.049922,4.0599217,1.9899219,4.279922,6.359922,8.899921,6.439922,7.109922,7.129922,3.4999218,4.449922,6.319922,8.369922,9.489922,9.609921,9.689922,11.469922,15.009922,13.659922,12.669922,11.889922,12.229922,10.719922,10.689922,10.049922,10.599922,11.399921,9.439922,9.729922,10.349922,9.439922,11.709922,10.659922,11.239922,13.439922,14.659922,15.239922,14.8199215,14.519922,13.709922,16.209923,16.099922,16.609922,17.569921,16.329922
3.059922,2.069922,2.339922,2.1799219,3.389922,3.299922,2.849922,4.449922,5.1599216,6.029922,6.449922,7.009922,6.0799217,6.359922,6.449922,7.859922,5.769922,7.749922,7.8899217,11.119922,10.149921,9.409922,8.739922,7.529922,4.629922,4.449922,6.979922,11.089922,11.009922,11.539922,12.979922,14.029922,15.099922,15.469922,14.509922,16.219921,15.139922,13.639922,15.079922,13.849922,12.829922,14.909922,15.139922,14.989922,15.449922,15.909922,15.3199215,15.3199215,16.219921,17.069921,17.459923,16.759922,17.379921,16.239922,16.669922,17.459923,18.689922,18.719921,17.829922,17.339922
