utils/test.json
{"header": { "discipline":0, "disciplineName":"Meteorological products", "gribEdition":2, "gribLength":73832, "center":7, "centerName":"US National Weather Service - NCEP(WMC)", "subcenter":0, "refTime":"2023-02-17T00:00:00.000Z", "significanceOfRT":1, "significanceOfRTName":"Start of forecast", "productStatus":0, "productStatusName":"Operational products", "productType":1, "productTypeName":"Forecast products", "productDefinitionTemplate":0, "productDefinitionTemplateName":"Analysis/forecast at horizontal level/layer at a point in time", "parameterCategory":2, "parameterCategoryName":"Momentum", "parameterNumber":3, "parameterNumberName":"V-component_of_wind", "parameterUnit":"m.s-1", "genProcessType":2, "genProcessTypeName":"Forecast", "forecastTime":0, "surface1Type":100, "surface1TypeName":"Isobaric surface", "surface1Value":5000.0, "surface2Type":255, "surface2TypeName":"Missing", "surface2Value":0.0, "gridDefinitionTemplate":0, "gridDefinitionTemplateName":"Latitude_Longitude", "numberPoints":65160, "shape":6, "shapeName":"Earth spherical with radius of 6,371,229.0 m", "gridUnits":"degrees", "resolution":48, "winds":"true", "scanMode":0, "nx":360, "ny":181, "basicAngle":0, "lo1":0.0, "la1":90.0, "lo2":359.0, "la2":-90.0, "dx":1.0, "dy":1.0 }, "data":
[rows 78 to 103 of 181, columns 58 to 115 of 360]
-5.7552075,-5.6652074,-5.5052075,-5.5652075,-4.8152075,-5.2752075,-4.7252073,-4.1252074,-3.5352075,-2.5552075,-3.3752074,-3.1652076,-4.2252073,-3.0652075,-2.2852075,-2.7352076,-2.1452074,-2.4652076,-3.1152074,-4.0452075,-4.0952077,-3.5952075,-2.8052075,-1.3452076,-0.6652075,-0.99520755,-0.6752075,-0.8052075,-1.9052075,-1.7052075,-1.8852075,-1.8452076,-1.7052075,-3.0752075,-3.6152074,-3.9552076,-3.2352076,-4.2652073,-4.2252073,-2.4452076,-5.0852075,-2.9652076,-3.9952075,-3.3552074,-2.2952075,-3.5652075,-1.7252076,-4.1052074,-2.4452076,-3.5252075,-2.8152075,-2.0552075,-1.8252075,-4.0052075,-4.0252075,-5.5352077,-6.5152073,-5.3252077
-6.4052076,-5.8752074,-4.9852076,-5.2152076,-4.9452076,-5.7352076,-4.5352077,-4.0052075,-3.6852076,-3.5852075,-4.0752077,-4.4852076,-3.3552074,-3.5752075,-4.0152073,-3.1452074,-2.9752076,-3.2152076,-4.6752076,-6.0252075,-3.8852074,-2.5552075,-1.6052076,-1.0552075,-1.9352075,-1.9452075,-1.6852075,-0.8052075,-0.82520753,0.15479249,0.5347925,-0.57520753,-2.6252074,-3.0652075,-2.4252076,-2.2852075,-4.1052074,-4.9152074,-3.2152076,-3.6152074,-3.4952075,-4.4552073,-4.5352077,-5.3852077,-2.6452074,-4.6352077,-5.6252074,-3.7452075,-3.4552076,-1.7752075,-1.4052075,-1.6352075,-1.5952076,-2.9052076,-3.8152075,-4.3252077,-5.6952076,-6.2852077
-4.8052077,-4.7252073,-6.5252075,-6.3852077,-5.8852077,-4.7752075,-5.0252075,-5.0952077,-3.9652076,-5.1352077,-4.7252073,-4.3752074,-3.9552076,-3.6152074,-3.3152075,-2.9152076,-2.8352075,-1.3552076,-1.6952075,-1.0752075,-0.6652075,-0.35520753,-1.6552075,-1.4752076,-0.2852075,-0.7052075,-0.6552075,-1.7952075,-1.6852075,-0.7952075,0.44479248,0.16479248,0.7347925,-1.5952076,-3.5952075,-5.0352077,-4.1752076,-1.8452076,-3.4352076,-2.3352075,-3.1652076,-4.6152077,-6.5152073,-5.8352075,-3.6652076,-3.6352074,-3.5852075,-4.7852077,-3.9952075,-3.6852076,-2.9552076,-1.8852075,-3.1652076,-1.6252075,-2.5952075,-2.1052074,-4.2152076,-3.4452076
-5.2852077,-5.4252076,-6.5952077,-4.4152074,-5.7452073,-5.4852076,-5.9452076,-5.5352077,-5.0852075,-4.2152076,-4.2352076,-3.3652074,-2.2952075,-2.0452075,-0.8652075,-0.5152075,0.064792484,0.6647925,0.21479248,0.86479247,1.1547924,1.1047925,0.7147925,-1.3252075,-0.56520754,-0.26520753,-1.5652075,-1.0352075,-0.42520753,-0.3152075,-0.63520753,-0.4052075,-2.3352075,-2.2952075,-1.9252075,-0.36520752,-1.2852075,-1.1752075,-1.6952075,-3.1852076,-4.9752073,-5.3152075,-5.1952076,-4.9252076,-5.0352077,-3.9152076,-3.5152075,-3.5852075,-2.5152075,-3.0352075,-2.2852075,-0.57520753,-1.3152075,-0.16520752,-2.4252076,-2.0952075,-2.5352075,-4.6752076
-4.8452077,-6.5752077,-6.1952076,-5.3052077,-5.9052076,-6.3052077,-5.6652074,-6.0652075,-5.7852077,-5.1952076,-4.3652077,-2.3352075,-1.4452075,-0.63520753,-0.63520753,1.5847925,2.7747924,2.5047925,2.2947924,2.7547925,3.0147924,2.9547925,1.4047924,-0.2852075,-1.1252075,-2.0552075,-3.9652076,-4.6352077,-4.1252074,-4.5252075,-4.6052074,-3.6452074,-3.0152075,-1.8252075,-0.24520752,-2.5452075,-1.6652075,-0.4152075,-3.9352076,-4.7252073,-5.8552074,-5.4452076,-5.3952074,-4.5052075,-3.0352075,-4.9252076,-4.5652075,-3.9352076,-1.9852076,-1.4652076,-3.1352074,-2.6852076,-0.36520752,-2.1552076,-3.1252074,-4.3552074,-5.8152075,-5.2052073
-4.6252074,-4.8052077,-5.9752073,-5.6152077,-4.8352075,-5.6552076,-5.1252074,-4.2252073,-3.0352075,-0.88520753,-0.11520752,1.7347925,1.7247925,5.1347923,3.6647925,3.8547926,3.3847926,3.2147925,3.7547925,3.6547925,2.7147925,0.7947925,-0.23520751,-2.2652075,-2.5652075,-3.8552074,-3.9852076,-4.4652076,-5.3752074,-5.5552077,-5.2152076,-4.0552077,-5.0852075,-6.5352077,-6.5852075,-4.3152075,-2.3552074,-2.6652076,-4.9852076,-4.2652073,-6.3052077,-7.8652077,-6.4852076,-5.9652076,-5.4352074,-5.0152073,-6.1452074,-4.6852074,-2.4552076,-3.2352076,-4.8552074,-4.5952077,-2.3352075,-2.9352076,-4.5052075,-4.8552074,-4.8652077,-6.1552076
-2.3852074,-3.8752074,-3.5652075,-3.5852075,-3.0752075,-2.0952075,-1.9452075,0.6347925,1.2347925,3.9847925,4.3447924,6.4647923,6.7347927,5.7747927,5.1347923,4.8047924,3.0547924,4.4047923,3.9847925,3.2647924,1.6847925,-0.5952075,-1.5752075,-2.8552074,-4.4552073,-4.9752073,-5.3252077,-4.6052074,-6.4152074,-7.4752073,-7.7752075,-10.405208,-8.185207,-6.0552077,-7.3252077,-7.4852076,-5.9752073,-5.7452073,-5.0352077,-6.5452075,-6.2252073,-7.2752075,-6.8452077,-7.3852077,-6.5152073,-6.1452074,-3.9452076,-3.3552074,-4.4752073,-5.2152076,-5.5552077,-5.7452073,-4.5152073,-4.2552075,-5.8252077,-6.0052075,-4.4152074,-4.6352077
-1.7852075,-1.2952075,-0.9552075,-1.3052075,-0.32520753,0.0147924805,1.8547925,2.8047924,3.0747924,3.0147924,4.2447925,4.9147925,5.0447927,4.2847924,3.6947925,3.3447924,3.2247925,3.5047925,3.5647924,2.2347925,-0.10520752,-1.9352075,-2.5352075,-2.2852075,-2.8852074,-3.8952074,-4.7452073,-6.7352076,-7.5452075,-7.9552073,-10.465207,-10.095207,-9.055207,-5.3052077,-6.9052076,-7.3152075,-6.7252073,-7.1552076,-7.3052077,-7.7552075,-7.0252075,-6.4852076,-7.2252073,-7.9152074,-8.855207,-7.1152077,-4.3452077,-3.5252075,-5.5752077,-5.3752074,-5.4252076,-6.0052075,-6.3552074,-5.2852077,-5.6152077,-5.8852077,-5.2952075,-2.7052076
0.93479246,1.7047925,0.14479248,1.1447924,1.5347924,2.0847924,2.0947924,2.8847926,2.6447926,3.6747925,2.6847925,2.5547924,4.0147924,3.0147924,2.2547925,2.7947924,4.6547923,3.2447925,2.1147926,2.7247925,0.45479247,-0.7952075,-2.5952075,-2.8952074,-4.4652076,-6.9152074,-6.9352074,-7.2152076,-6.8252077,-8.285208,-7.4752073,-7.9752073,-9.035208,-6.8852077,-5.1652074,-4.7452073,-6.8252077,-5.5652075,-5.8152075,-6.3252077,-7.2752075,-6.9152074,-8.0252075,-8.615208,-8.365208,-7.4552073,-5.8652077,-6.1852074,-6.7652073,-6.8952074,-6.6052074,-8.035208,-7.0752077,-6.2752075,-4.3352075,-2.8552074,-3.2852075,-3.8352075
1.1247925,1.6547924,2.5447924,2.3947926,1.8847924,1.6747925,1.9547925,2.7147925,1.2347925,2.3547926,1.4647925,1.5247924,1.7547925,1.9947925,2.3547926,3.9047925,5.4447923,2.7347925,3.6947925,2.0247924,0.55479246,-1.6852075,-3.7052076,-4.1352077,-5.0752077,-5.4352074,-7.7552075,-9.125208,-9.135207,-8.455208,-7.8452077,-7.6752076,-8.875208,-7.8252077,-4.6452074,-5.4052076,-5.3052077,-5.1352077,-4.9252076,-6.3352075,-6.8852077,-6.2352076,-8.515207,-9.305207,-8.295208,-5.9552073,-6.9152074,-6.9852076,-7.9752073,-7.1352077,-6.1852074,-7.4052076,-7.0452075,-4.9652076,-3.0752075,-2.4552076,-3.2752075,-3.1652076
1.4447925,1.1747925,0.3047925,0.68479246,1.7347925,2.3347924,2.9847925,1.5047925,1.3647925,0.15479249,0.7247925,0.4947925,1.0047925,1.8547925,1.8347925,2.0347924,3.3747926,3.2047925,4.2047925,2.4647925,0.39479247,-0.08520752,-1.8352075,-2.5052075,-2.9752076,-4.8352075,-6.9452076,-8.365208,-9.3152075,-8.365208,-8.045208,-6.6552076,-7.2952075,-8.195208,-5.3852077,-5.0352077,-3.5552075,-4.0852075,-4.2652073,-4.2552075,-6.0852075,-5.7052073,-7.3652077,-8.905208,-8.545208,-8.075208,-9.095207,-8.965207,-8.955208,-8.185207,-7.3652077,-6.3852077,-6.2452073,-4.8152075,-1.0052075,-1.5352075,-3.4852076,-2.9952075
0.48479247,1.2147925,1.0947925,0.9147925,1.6847925,1.4847925,0.80479246,0.4347925,-1.0752075,-1.3152075,-2.9452076,-1.0152075,-0.18520752,-0.7152075,-0.14520752,0.87479246,2.6447926,1.9047924,4.2647924,2.3347924,3.2447925,-0.30520752,-2.5652075,-3.9452076,-5.5552077,-6.3552074,-7.4352074,-8.445208,-8.495208,-9.795208,-10.055207,-8.465207,-8.255207,-7.2052073,-6.3152075,-5.5852075,-4.8052077,-4.9052076,-4.2252073,-4.1752076,-3.7252076,-5.8052077,-5.6652074,-10.335208,-9.5252075,-10.245208,-8.5252075,-9.2752075,-6.8252077,-4.7152076,-5.7552075,-4.8852077,-4.2652073,-2.2052076,-1.6552075,-1.6452075,-2.9752076,-4.0552077
0.8947925,0.5347925,1.6347924,1.6247925,0.24479248,-0.39520752,0.5247925,0.08479248,-1.6052076,-1.6952075,-1.5252075,-1.3852075,-0.8352075,-1.2852075,-2.0552075,-2.3752074,-1.7152076,-0.3752075,2.9747925,4.7147923,3.7047925,0.2747925,-0.87520754,-3.5252075,-6.3552074,-6.4752073,-8.285208,-9.605207,-9.855207,-8.455208,-9.345207,-9.915208,-9.0652075,-9.555207,-7.3652077,-5.0852075,-4.8052077,-4.1352077,-4.3652077,-6.4252076,-7.5852075,-5.8452077,-6.2752075,-8.885207,-9.245208,-9.715207,-8.7752075,-8.915208,-4.8252077,-5.9352074,-4.8952074,-3.8552074,-3.5652075,-2.6252074,-2.0552075,-2.1852076,-4.5852075,-4.6452074
1.5247924,2.4647925,2.0147924,2.6547925,0.42479247,-0.8652075,-1.1652075,0.38479248,-1.1152076,1.1247925,1.7447925,0.39479247,0.3047925,1.0147924,0.26479247,1.4947925,2.0547924,2.7647924,4.4247923,1.8447925,1.5547925,0.8247925,-1.6152076,-4.0752077,-6.1752076,-6.4152074,-7.8352075,-8.185207,-9.905208,-8.245208,-8.8152075,-9.075208,-9.715207,-9.095207,-10.665208,-7.4152074,-4.6152077,-4.7752075,-6.5652075,-8.405208,-6.5652075,-6.8352075,-5.9852076,-7.3152075,-8.975207,-7.3052077,-7.8452077,-6.3852077,-5.9652076,-4.1252074,-3.1352074,-2.3452075,-1.6752075,-1.9652076,-2.6252074,-4.4152074,-5.0152073,-3.8952074
-0.9852075,-0.17520753,-0.01520752,0.14479248,-0.43520752,0.9147925,-1.5352075,-1.5152075,-1.7552075,-0.5552075,0.7047925,1.1247925,1.3447925,0.41479248,-1.5652075,1.0047925,2.5347924,2.5747924,2.2847924,-0.74520755,-1.0752075,-2.5152075,-3.9452076,-6.6852074,-7.2552075,-7.3952074,-7.0652075,-8.225207,-8.235208,-8.335208,-8.935207,-8.635207,-8.945208,-10.755207,-9.845207,-6.6852074,-7.5352077,-6.3052077,-6.8752074,-6.7852077,-7.1152077,-5.8652077,-6.4652076,-6.2752075,-7.7252073,-7.2652073,-8.155208,-6.5652075,-6.7052073,-2.8652074,-3.1952076,-2.2552075,-2.1952076,-0.8052075,-2.4052076,-4.0252075,-4.8352075,-4.0052075
-1.4152075,-1.7152076,-3.3552074,-2.2252076,-0.9852075,-0.4752075,-3.3152075,-3.3952074,-2.7152076,-1.2052075,-0.42520753,-2.2752075,-1.2852075,-1.3552076,-1.2552075,0.11479248,0.6047925,0.9047925,-2.0652075,-3.2452075,-3.4652076,-5.3752074,-6.4952073,-6.2552075,-7.7052073,-7.2852077,-5.8852077,-9.445208,-10.255207,-10.035208,-11.955208,-9.075208,-9.545208,-10.595207,-9.125208,-6.9552073,-7.4252076,-6.9152074,-6.9552073,-8.145207,-5.8352075,-4.6152077,-5.9652076,-5.5552077,-7.4152074,-6.6852074,-6.0452075,-6.3852077,-5.2352076,-4.6252074,-4.0252075,-2.5552075,-1.1552075,-1.8052075,-1.3652076,-2.5952075,-3.0552075,-4.6552076
-2.9552076,-3.9952075,-3.9152076,-4.3652077,-3.0552075,-1.4452075,-3.0952075,-5.6752076,-3.3952074,0.024792481,-1.1452075,-4.0752077,-3.1452074,-2.2752075,-1.0952076,-1.0352075,-0.39520752,-0.01520752,-0.08520752,-0.9852075,-2.3652074,-4.0352077,-6.4852076,-6.0052075,-6.1652074,-6.6452074,-7.7052073,-7.8352075,-9.745208,-10.845207,-10.725207,-8.445208,-7.6752076,-8.175207,-8.945208,-8.295208,-8.705208,-6.3952074,-6.2952075,-8.345207,-6.1752076,-4.3352075,-5.4352074,-6.4952073,-6.0652075,-4.5152073,-6.3352075,-6.0952077,-5.8352075,-4.4652076,-3.7152076,-4.1152077,-2.3252075,-1.3352075,-0.6652075,-1.5452075,-3.9552076,-2.4552076
-4.1452074,-5.6052074,-4.7452073,-5.3152075,-3.8552074,-2.1752076,-4.0052075,-3.6652076,-4.2852077,-2.9652076,-2.7852075,-3.2052076,-2.9552076,-3.4852076,-1.7352076,-0.32520753,-0.35520753,-1.0352075,0.7247925,-0.18520752,-1.0452075,-2.1252074,-3.7252076,-3.6652076,-5.6052074,-6.3052077,-5.5852075,-5.9352074,-6.0652075,-8.735208,-8.845207,-7.1252074,-7.6352077,-10.125208,-9.615208,-8.635207,-9.335208,-6.1652074,-6.5252075,-7.5852075,-7.2052073,-5.7452073,-5.5552077,-4.5652075,-3.7252076,-3.6352074,-4.9452076,-6.0252075,-6.1752076,-5.5352077,-5.0552077,-4.7952075,-4.5252075,-3.1652076,-1.2952075,-3.0852075,-2.7352076,-2.2052076
-4.9352074,-5.4552073,-5.9152074,-6.2652073,-4.0952077,-3.3352075,-4.2952075,-4.9252076,-3.8152075,-2.6452074,-2.9452076,-1.9352075,-2.5552075,-2.4052076,-1.3352075,-1.7052075,-2.0552075,-0.9552075,0.17479248,-1.3852075,-2.8052075,-3.7952075,-3.9252076,-2.9552076,-2.9752076,-4.7552075,-4.5852075,-6.6752076,-8.705208,-7.6152077,-6.7452073,-7.2052073,-7.4552073,-9.085208,-10.365208,-9.785208,-8.545208,-6.0752077,-4.9952073,-5.8552074,-4.7952075,-5.4952073,-6.5552077,-4.7752075,-4.0852075,-4.5052075,-5.0352077,-4.2852077,-4.5152073,-6.3252077,-4.8852077,-6.4352074,-5.6552076,-3.3352075,-2.6252074,-1.0952076,-1.5452075,-2.3852074
-5.8752074,-5.6352077,-5.1752076,-4.7152076,-3.9452076,-3.0152075,-4.2752075,-4.9952073,-5.8152075,-4.7652073,-2.3952074,-1.9452075,-1.8552076,-0.7052075,0.17479248,-0.22520752,0.0147924805,-2.3752074,-4.1552076,-4.7052073,-3.7852075,-3.0352075,-4.5752077,-2.2252076,-1.6852075,-1.8052075,-2.1352074,-4.0752077,-3.6352074,-3.3252075,-3.6352074,-6.1652074,-8.5252075,-7.9952073,-8.665208,-8.485208,-5.8352075,-4.4052076,-2.5452075,-1.6852075,-3.3552074,-2.8052075,-3.1652076,-1.4552075,-1.2952075,-3.1152074,-3.3952074,-3.4152076,-4.5552077,-5.1352077,-6.2252073,-5.6352077,-4.7452073,-4.7252073,-2.7952075,-1.6052076,-1.7752075,-3.8652074
-5.0552077,-4.8852077,-4.8852077,-4.5252075,-4.5552077,-3.0552075,-3.8152075,-4.5752077,-5.2452073,-4.1452074,-2.2752075,-0.88520753,-1.1852075,0.04479248,-0.29520753,-2.1652076,-4.3352075,-4.6252074,-4.4952073,-5.1652074,-5.4952073,-4.6552076,-3.3052075,-3.3152075,-0.7852075,-0.19520752,0.8547925,-0.7152075,-1.2852075,-0.81520754,-2.0852075,-3.8952074,-6.6952076,-8.485208,-6.7452073,-4.5352077,-5.1752076,-3.3452075,-2.6252074,0.28479248,0.5147925,0.3347925,-1.1052076,-3.1252074,-2.7052076,-2.8552074,-2.8752074,-2.7152076,-2.8552074,-6.7452073,-6.3652077,-4.5552077,-4.2152076,-4.5152073,-2.7352076,-3.1152074,-3.4352076,-1.9752076
-4.4452076,-3.9952075,-2.7952075,-3.4652076,-3.5252075,-4.0052075,-6.2852077,-5.1052074,-4.7952075,-2.5652075,-0.9752075,0.0047924803,-0.87520754,-3.7152076,-7.1852074,-7.0452075,-6.4752073,-4.4252076,-3.7652075,-1.8852075,-2.6352074,-2.1452074,-2.3452075,-0.6552075,0.99479246,0.5747925,-0.26520753,-0.14520752,1.1347924,0.81479245,-0.7752075,-4.1852074,-4.7452073,-5.4752073,-4.5752077,-3.2652075,-3.5152075,-2.2352076,0.28479248,2.9847925,3.1147926,0.8247925,0.7747925,-1.1052076,-0.3452075,-3.5452075,-2.2352076,-3.2152076,-4.4452076,-3.2652075,-5.0752077,-4.1452074,-2.6252074,-2.8752074,-2.0152075,-2.0252075,-2.7552075,-1.0452075
-2.8052075,-3.0352075,-2.5752075,-2.3652074,-2.2852075,-4.9052076,-6.1852074,-6.1752076,-4.3252077,-4.2352076,-2.3452075,-1.0652075,-2.0152075,-5.3952074,-4.0852075,-0.93520755,0.10479248,1.2647924,2.1547925,1.5547925,2.3647926,2.6147926,-0.2552075,-1.2052075,0.13479248,-1.3152075,-1.0352075,-0.6452075,-0.07520752,0.36479247,-0.82520753,-2.6652076,-3.5152075,-3.8052075,-3.6752076,-4.1752076,-2.6252074,-0.68520755,1.0647925,1.2747924,0.6047925,0.8447925,-0.05520752,-0.5852075,-0.39520752,-2.6352074,-2.3452075,-2.5052075,-1.8452076,-1.1052076,-1.8952075,-2.7152076,-3.9052076,-4.6452074,-2.0752075,-2.2752075,-2.4052076,-3.4352076
0.55479246,-2.0752075,-2.0052075,-2.3252075,-3.3752074,-3.5952075,-4.6652074,-5.8852077,-4.9052076,-3.2352076,-1.9152075,-1.9752076,-2.6352074,-1.4152075,1.7747924,0.25479248,0.8247925,-1.2552075,-1.2952075,0.7147925,-0.0052075195,2.0847924,-0.9752075,-3.7952075,-1.7652075,-2.4152076,-1.4852076,-0.32520753,0.38479248,-0.30520752,0.3047925,-1.6852075,-2.2152076,-2.2352076,-0.69520754,-0.7752075,-0.4452075,-0.4752075,1.8647925,0.5747925,-0.7952075,0.56479245,-0.4052075,-0.16520752,-0.7252075,-1.4852076,-2.1652076,-1.1452075,-1.8252075,-1.4452075,-2.2252076,-1.7752075,-2.1352074,-2.0552075,-2.3752074,-1.5952076,-0.07520752,-0.6152075
1.6147925,-1.9352075,-3.3552074,-3.6952076,-1.7952075,-3.2852075,-3.8752074,-4.6152077,-4.8252077,-4.1952076,-3.4152076,-3.0152075,-0.9052075,1.2747924,-0.5552075,-2.4852076,-3.7052076,-2.2252076,-1.2852075,1.0147924,0.20479248,-0.2552075,0.11479248,-3.9652076,-4.4052076,-2.4352076,-2.9452076,-2.1152074,-0.87520754,-1.9252075,-1.1552075,-1.4252075,-0.05520752,-2.6052074,-3.6052074,-2.1952076,-1.0452075,-0.18520752,-1.3952075,-0.50520754,1.4947925,1.8447925,0.7947925,0.7247925,-0.8952075,-1.9252075,-1.6752075,-2.3852074,-4.2352076,-4.5852075,-2.6152074,-1.3052075,-1.2552075,-1.3652076,-0.88520753,-1.0652075,1.3347925,0.6947925
1.6147925,0.42479247,-3.6852076,-4.2052073,-2.6752076,-2.5552075,-1.5752075,-2.2352076,-2.5152075,-3.4952075,-3.9152076,-2.8452075,-0.35520753,0.4347925,-1.1352075,-2.6952076,-2.0852075,-1.3752075,-1.3852075,0.7047925,-0.27520752,-2.3352075,-4.2652073,-2.7152076,-3.4852076,-3.1152074,-1.0352075,-0.99520755,-0.9852075,-2.3752074,-2.3452075,-2.5952075,-2.2952075,-4.2852077,-4.4852076,-2.4952075,-1.0552075,0.4647925,2.0747924,1.6447924,2.1147926,3.3247924,2.1047926,-0.02520752,-0.7852075,-2.6152074,-5.0452075,-5.4752073,-7.3152075,-5.2752075,-1.9952075,-0.15520751,0.20479248,-0.21520752,0.9047925,0.6047925,1.5447925,1.5047925
